00000002
00000003
00000004
00000006
00000007
00000009
00000015
00000016
00000017
00000018
00000019
00000020
00000022
00000026
00000027
00000028
00000029
00000030
00000031
00000034
00000036
00000042
00000053
00000054
00000057
00000058
00000060
00000061
00000063
00000065
00000066
00000067
00000068
00000069
00000070
00000071
00000072
00000074
00000075
00000077
00000078
00000079
00000080
00000081
00000088
00000089
00000090
00000091
00000093
00000098
00000102
00000104
00000105
00000106
00000107
00000111
00000112
00000114
00000115
00000119
00000120
00000121
00000123
00000124
00000125
00000126
00000127
00000128
00000129
00000130
00000131
00000132
00000133
00000134
00000136
00000139
00000140
00000141
00000142
00000144
00000145
00000146
00000152
00000153
00000154
00000157
00000159
00000160
00000161
00000162
00000163
00000164
00000165
00000166
00000167
00000168
00000170
00000171
00000173
00000174
